name = FIELD1
object = all
res_gas = 1
res_oil = 1
plast_rate = 2.289093594
plast_total = 129.1860415
dry_rate = 2.271720439
dry_total = 127.7411413
oil_total = 8718.140099
oil_rate = 113.358288
gas_sep_rate = 2.25930813
nestab_cond = 182.214865